i*1000,comparisons
1,10424
2,23864
3,43029
4,52579
5,69021
6,94148
7,100870
8,123773
9,132753
10,154966
11,173463
12,186183
13,208261
14,220460
15,247188
16,265628
17,285626
18,299953
19,313904
20,325039
21,345007
22,376675
23,398956
24,402052
25,424728
26,470243
27,468476
28,511875
29,540261
30,500586
31,545158
32,566838
33,593618
34,602178
35,642393
36,642118
37,692642
38,761189
39,745104
40,760151
41,835978
42,778431
43,800562
44,769797
45,860918
46,891162
47,832198
48,897072
49,914311
50,913346
51,941677
52,977467
53,970833
54,1070174
55,1050727
56,1008557
57,1163299
58,1094690
59,1249538
60,1109362
61,1162210
62,1214132
63,1234038
64,1194919
65,1248476
66,1301882
67,1273586
68,1380403
69,1430271
70,1411205
71,1404378
72,1379510
73,1383937
74,1482541
75,1437743
76,1532229
77,1507579
78,1552562
79,1563287
80,1574207
81,1615129
82,1536121
83,1643906
84,1576817
85,1633329
86,1729449
87,1764140
88,1724411
89,1698595
90,1932885
91,1875124
92,1859400
93,1839538
94,1808377
95,1891627
96,1902645
97,2165693
98,1982148
99,2051618
100,2080834
101,2081225
102,2042981
103,2191385
104,2104327
105,2140219
106,2239810
107,2129034
108,2378672
109,2244838
110,2237158
111,2158812
112,2278384
113,2435727
114,2230530
115,2333832
116,2278895
117,2375478
118,2463243
119,2363141
120,2459901
121,2470335
122,2736756
123,2500702
124,2493373
125,2593166
126,2591567
127,2497807
128,2617851
129,2752514
130,2720227
131,2663439
132,2811278
133,2834623
134,3032440
135,2777933
136,2846798
137,2803646
138,2800606
139,2805276
140,2928648
141,2896762
142,3120833
143,2969333
144,2933893
145,3072830
146,3021837
147,3036759
148,3114099
149,3140012
150,3370009
151,3248506
152,3116728
153,3110393
154,3426058
155,3241941
156,3277685
157,3379233
158,3524496
159,3411595
160,3365343
161,3313106
162,3385296
163,3384301
164,3432645
165,3350213
166,3501561
167,3517921
168,3608291
169,3722397
170,3949812
171,3670961
172,3708713
173,3750960
174,3795810
175,3573766
176,3822006
177,3649063
178,3686933
179,3925067
180,3958192
181,3936622
182,3872534
183,3818994
184,4034210
185,4018006
186,4120794
187,4268161
188,4004615
189,3941173
190,4165616
191,4215543
192,4081854
193,4181160
194,4110877
195,4367719
196,4371589
197,4551800
198,4417582
199,4353321
200,4311399
201,4435798
202,4304765
203,4277287
204,4379596
205,4509537
206,4350468
207,4460646
208,4540624
209,4401229
210,4685220
211,4710039
212,4577573
213,4699050
214,4940151
215,5006546
216,4762873
217,4711713
218,4810317
219,4797959
220,4791317
221,4888746
222,4768401
223,4779528
224,4836927
225,5487727
226,4996616
227,5104680
228,4907659
229,5326729
230,5136531
231,5399665
232,5079514
233,5159076
234,5019746
235,5028927
236,5128189
237,5138975
238,5492449
239,5234115
240,5160999
241,5643126
242,5466352
243,5343954
244,5358651
245,5247208
246,5480796
247,5974716
248,5384419
249,5659794
250,5502384
251,5608697
252,5335976
253,5369503
254,5518527
255,5665881
256,6264383
257,5711597
258,5629637
259,5602228
260,5664438
261,6104900
262,5601232
263,5813293
264,5880418
265,6094151
266,5898943
267,5979437
268,6070850
269,5804999
270,5735749
271,6036633
272,5988804
273,6051327
274,6088141
275,5952981
276,6188919
277,6360042
278,6337193
279,6517584
280,6127123
281,6136776
282,6413715
283,6374261
284,6398535
285,6390886
286,6624777
287,6443063
288,6369336
289,6422948
290,6411402
291,6945946
292,6480710
293,6534331
294,7096326
295,6429133
296,6842060
297,6556389
298,6638983
299,6684454
300,7261467
301,6672518
302,6565087
303,6596602
304,6841098
305,7129175
306,7274893
307,6922616
308,6855144
309,6887691
310,6814607
311,6864654
312,7041070
313,7142376
314,7408581
315,7698493
316,6975744
317,7267401
318,7256952
319,7073680
320,7154530
321,7325851
322,7393700
323,7874554
324,7239229
325,7098085
326,7910461
327,7512458
328,7364453
329,7391903
330,7224513
331,7812413
332,7491372
333,7201491
334,7552096
335,7717377
336,8031326
337,7296344
338,7966157
339,7570862
340,7422808
341,7937781
342,7757523
343,7614559
344,7768289
345,7930032
346,7699227
347,7956112
348,7770469
349,7818204
350,7668635
351,7882596
352,8228569
353,8602140
354,8310640
355,8251892
356,8172513
357,8148069
358,8231596
359,8339915
360,8197168
361,8300270
362,8505026
363,8344171
364,8570051
365,8475769
366,8394736
367,8171632
368,8432942
369,8331812
370,8536604
371,8760528
372,8786689
373,8624289
374,8893563
375,9187144
376,9100419
377,8646389
378,9029937
379,8591629
380,8636272
381,9592112
382,9108782
383,8641735
384,8691945
385,8835472
386,9196984
387,8809268
388,8814916
389,9284487
390,9329447
391,9000264
392,9175321
393,9069538
394,9037816
395,9024258
396,9019680
397,9915950
398,9428153
399,9143647
400,9570868
401,9316929
402,9177206
403,9563802
404,9304518
405,9062094
406,9567843
407,9381927
408,9501587
409,9318959
410,9598720
411,9517922
412,10019943
413,9338619
414,10220605
415,9959648
416,9810264
417,10499411
418,9618109
419,10704865
420,9734260
421,9982895
422,9695883
423,9721442
424,10118069
425,9745486
426,10095323
427,10412426
428,9945595
429,9875066
430,9782499
431,10406182
432,10070579
433,9793458
434,10383981
435,10004635
436,9953813
437,11115081
438,10153747
439,10039564
440,10647934
441,10419900
442,10980500
443,11242790
444,10561601
445,10361570
446,10471507
447,10462110
448,10836676
449,10686068
450,10369642
451,10376129
452,10518093
453,11017548
454,10624003
455,10895013
456,10905930
457,10807784
458,10608681
459,10935200
460,11102420
461,10833103
462,11280353
463,10640146
464,11398854
465,11091648
466,10631613
467,11897730
468,11287190
469,10852351
470,10825791
471,11503730
472,10977817
473,11360570
474,11235792
475,11048743
476,11446794
477,11461821
478,11620504
479,11527429
480,11235325
481,11794288
482,11667344
483,11355956
484,11387678
485,11141118
486,12261635
487,11467785
488,11808246
489,12254198
490,11872541
491,11891569
492,11715980
493,11873441
494,11895548
495,11830398
496,12526649
497,11728301
498,11802851
499,12031188
500,12701484
501,11787912
502,11617725
503,11706274
504,12110029
505,12268273
506,12416501
507,11725173
508,12008074
509,12737705
510,12605586
511,12295163
512,12196213
513,12889922
514,13067322
515,12224645
516,12140944
517,12089305
518,12698338
519,12776686
520,12275747
521,12405029
522,12318989
523,12659082
524,13131330
525,13264720
526,12537564
527,12380409
528,12690452
529,12807580
530,12631267
531,12450383
532,12991395
533,13192953
534,12460480
535,13378879
536,12640288
537,12591372
538,13485183
539,13345571
540,14488259
541,13460014
542,13264306
543,12613660
544,13509091
545,13448549
546,12814328
547,14235421
548,13091860
549,13587434
550,13388399
551,13684332
552,13573627
553,13960875
554,13653355
555,13710118
556,13480176
557,13673244
558,13304786
559,13948316
560,13369692
561,13760840
562,13265627
563,13680144
564,13494623
565,14052625
566,14265835
567,13355009
568,13802525
569,13971838
570,13996163
571,13831577
572,14449718
573,14623338
574,13851719
575,14146739
576,13674879
577,13608166
578,14779935
579,13967950
580,14553198
581,13983300
582,14054915
583,13939891
584,14622483
585,14241690
586,14284180
587,14930409
588,14158265
589,14384924
590,14929980
591,14920120
592,14122818
593,14407253
594,14920704
595,14592228
596,14601197
597,15036236
598,15586323
599,14818871
600,14738143
601,14555757
602,14825714
603,14946374
604,14811163
605,15536477
606,14922583
607,15513081
608,14468245
609,15099087
610,14685974
611,14707474
612,15112659
613,14937191
614,14919017
615,14749874
616,14730044
617,15630713
618,14670435
619,14759673
620,15175518
621,14961401
622,15205576
623,15612809
624,16332665
625,16120191
626,16574589
627,15514614
628,15984689
629,15317888
630,15483250
631,16025086
632,16196550
633,16637845
634,15512805
635,15504518
636,15722841
637,15433235
638,15742095
639,15869635
640,15870739
641,16583233
642,17382513
643,15780432
644,15840397
645,16270089
646,15562733
647,16323847
648,16553504
649,15825081
650,17870655
651,16280576
652,16755086
653,16444218
654,16177212
655,16118503
656,16550299
657,16484016
658,16488327
659,16253377
660,16121967
661,17292406
662,17146674
663,16232931
664,16436543
665,16651446
666,16897071
667,17274251
668,16113897
669,17313979
670,16899523
671,16631860
672,16931908
673,17090481
674,16585328
675,17367800
676,16873118
677,17171630
678,16972714
679,17410923
680,17238361
681,16454489
682,16575018
683,17540450
684,18902709
685,16833169
686,17822585
687,16581600
688,17386206
689,17392724
690,17577689
691,17033129
692,17056679
693,17254460
694,18181119
695,17361190
696,17844536
697,17106161
698,17252351
699,17226800
700,17314877
701,17821294
702,17244224
703,17527575
704,18096835
705,18284092
706,18268539
707,17807984
708,18626614
709,18543907
710,17999815
711,17584302
712,17742039
713,18291812
714,18118204
715,17691215
716,18093611
717,18039773
718,18251785
719,17947152
720,18002693
721,18003529
722,18934981
723,18708209
724,17998659
725,18924259
726,18339529
727,19136423
728,18547785
729,18887093
730,18602112
731,19075223
732,18591583
733,18438917
734,18132723
735,18292025
736,18104410
737,18434107
738,18714366
739,18038905
740,19425226
741,18241057
742,18745627
743,19025308
744,18820033
745,19480152
746,18748969
747,19393144
748,18393923
749,19351890
750,18808975
751,19778539
752,18985130
753,20646577
754,18849312
755,19453361
756,18892920
757,18846334
758,20265539
759,19259572
760,18828252
761,18667979
762,19182947
763,19011802
764,20586836
765,19445497
766,20280609
767,19621303
768,19663756
769,20921938
770,19452395
771,19768809
772,19279139
773,19081707
774,19708838
775,21143312
776,19640743
777,19373030
778,20031792
779,20125131
780,19439246
781,19674247
782,20004949
783,20222390
784,19310457
785,20331931
786,21783596
787,19822257
788,20378335
789,19807238
790,20391430
791,20344025
792,20594833
793,19912782
794,19969924
795,21119125
796,19852996
797,20443268
798,20628572
799,20849194
800,21728089
801,20657438
802,20074258
803,20282878
804,21572755
805,20143380
806,19994343
807,20395122
808,20451188
809,21031043
810,21243433
811,21230498
812,22849210
813,20190220
814,20400481
815,21211144
816,20769740
817,21271029
818,21396475
819,21109725
820,21724890
821,22550394
822,21531411
823,22399391
824,20814569
825,20756177
826,22283252
827,21112202
828,21468193
829,21510520
830,22403444
831,21067380
832,21627198
833,22301195
834,21114783
835,22145918
836,21093973
837,21104720
838,21508846
839,22376794
840,22819833
841,22746015
842,22493037
843,22667224
844,22081905
845,21774338
846,22011352
847,22703723
848,21501350
849,21952254
850,21955619
851,21987540
852,22112178
853,21756724
854,22592807
855,23288068
856,23259589
857,22444129
858,22563853
859,21547896
860,21846580
861,22525119
862,22379635
863,22269069
864,22298142
865,22735901
866,22216472
867,24582255
868,22125939
869,21823072
870,22503072
871,23057933
872,22337640
873,23209559
874,22218153
875,23162391
876,22010765
877,21950141
878,22766284
879,22724795
880,22876267
881,23203344
882,22672534
883,24038895
884,22921208
885,22788848
886,23355007
887,24329068
888,23926464
889,22881054
890,24212230
891,23004445
892,24217419
893,23508750
894,22927486
895,23130158
896,23583119
897,24618643
898,22895099
899,23392997
900,23027822
901,24126008
902,23161053
903,23588523
904,23230884
905,23288786
906,24184425
907,24621869
908,23575695
909,22925200
910,24024348
911,24992681
912,23346124
913,24000768
914,23519032
915,23337635
916,24309761
917,23980147
918,25082871
919,25437091
920,24069843
921,23805282
922,24599783
923,24656655
924,24265610
925,24512634
926,25474291
927,24445687
928,25703907
929,24894189
930,26346379
931,24195993
932,24640335
933,25305463
934,24755607
935,24201262
936,24870289
937,25879235
938,24652583
939,24848135
940,25653896
941,24591438
942,26029784
943,24331228
944,26569718
945,24742146
946,24306827
947,25337665
948,24989097
949,24911045
950,25517837
951,24516040
952,28177933
953,24883530
954,24892257
955,26197420
956,26252195
957,24849205
958,25365001
959,25424626
960,25261460
961,26534003
962,25675295
963,25993550
964,25580631
965,25845501
966,27449340
967,25456110
968,26827436
969,25823976
970,26495937
971,25789887
972,25735396
973,26205915
974,25565072
975,25667355
976,25767439
977,26430566
978,25591853
979,26841045
980,26166898
981,25688291
982,27989457
983,27270799
984,26496848
985,28277274
986,25246454
987,26091546
988,26702908
989,26399290
990,26325288
991,26662650
992,28149105
993,28106194
994,26138804
995,26328779
996,27738826
997,26051236
998,26388251
999,27126015
1000,25835069
